-- заполнение таблицы Проекты
INSERT INTO Проекты (IDПроекта, Обозначение, Наименование, НомерИзменений, ДатаВыдачи)
VALUES 
(1, '020-13-КЖ01.3', 'Свайное поле', 5, '2024-10-23'),
(2, '020-13-КЖ02.3', 'Ростверки', 4.2, '2024-03-13'),
(3, '020-13-КЖ1.3.1', 'Колонны ниже 0', 2, '2024-01-30'),
(4, '020-13-КЖ3.3.1', 'Монолитные стены и диафрагмы ниже 0', 2, '2024-01-16'),
(5, '020-13-КЖ2.3.1', 'Перекрытие ниже 0', 2, '2024-03-21'),
(6, '020-13-КЖ1.3.2', 'Колонны выше 0', 1, '2024-02-29'),
(7, '020-13-КЖ3.3.2', 'Монолитные стены и диафрагмы выше 0', NULL, '2024-03-05'),
(8, '020-13-КЖ2.3.2', 'Перекрытие выше 0', NULL, '2024-03-05');


-- заполнение таблицы Секции
INSERT INTO Секции (IDСекции, НаименованиеСекции, ОсиРасположения, ОтноситОтметкаНиза0ЭтажаСек, АбсолютОтметкаНуля)
VALUES 
(1, '4 секция', 'оси 6-7/А-В', -2.800, 216.400),
(2, '5 секция', 'оси 8-9/А-В', -2.800, 216.200);


-- заполнение таблицы Бетоны
INSERT INTO Бетоны (IDБетона, Класс, Марка, ПрочностьМпа)
VALUES 
(1, 'В3,5', 'М50', 4.49),
(2, 'В5', 'М75', 6.42),
(3, 'В7,5', 'М100', 9.63),
(4, 'В10', 'М150', 12.84),
(5, 'В12,5', 'М150', 16.04),
(6, 'В15', 'М200', 19.25),
(7, 'В20', 'М250', 25.67),
(8, 'В22,5', 'М300', 28.88),
(9, 'В25', 'М350', 32.09),
(10, 'В27,5', 'М350', 35.30),
(11, 'В30', 'М400', 38.50),
(12, 'В35', 'М450', 44.92),
(13, 'В40', 'М500', 51.34),
(14, 'В45', 'М600', 57.72),
(15, 'В50', 'М650', 64.19),
(16, 'В55', 'М700', 70.57),
(17, 'В60', 'М800', 77.01);

-- заполнение таблицы ЭтажиСек
INSERT INTO ЭтажиСек (IDЭтажаСек, НомерЭтажаСек, НомерЯрусаСек, ВысотаЭтажаСек, ВысотаСтенКолонн, ТолщПерекрытия, IDСекции)
VALUES 
(1, 0, 1, 2.68, 2.48, 0.2, 1),
(2, 1, 1, 3.34, 3.14, 0.2, 1),
(3, 2, 2, 3, 2.8, 0.2, 1),
(4, 3, 2, 3, 2.8, 0.2, 1),
(5, 4, 3, 3, 2.8, 0.2, 1),
(6, 5, 3, 3, 2.8, 0.2, 1),
(7, 6, 4, 3, 2.8, 0.2, 1),
(8, 7, 4, 3, 2.8, 0.2, 1),
(9, 8, 5, 3, 2.8, 0.2, 1),
(10, 9, 5, 3, 2.8, 0.2, 1),
(11, 10, 6, 3, 2.8, 0.2, 1),
(12, 11, 6, 3, 2.8, 0.2, 1),
(13, 12, 7, 3, 2.8, 0.2, 1),
(14, 13, 7, 3, 2.8, 0.2, 1),
(15, 14, 8, 3, 2.8, 0.2, 1),
(16, 15, 8, 3, 2.8, 0.2, 1),
(17, 16, 9, 3, 2.8, 0.2, 1),
(18, 17, 9, 3, 2.8, 0.2, 1),
(19, 18, 10, 3, 2.8, 0.2, 1),
(20, 19, 10, 3, 2.8, 0.2, 1),
(21, 20, 11, 3, 2.8, 0.2, 1),
(22, 21, 11, 3, 2.8, 0.2, 1),
(23, 22, 12, 3, 2.8, 0.2, 1),
(24, 23, 12, 3, 2.8, 0.2, 1),
(25, 24, 13, 3, 2.8, 0.2, 1),
(26, 25, 13, 3.45, 3.25, 0.2, 1),
(27, 26, 14, 3, 2.8, 0.2, 1),
(28, 0, 1, 2.68, 2.48, 0.2, 2),
(29, 1, 1, 3.34, 3.14, 0.2, 2),
(30, 2, 2, 3, 2.8, 0.2, 2),
(31, 3, 2, 3, 2.8, 0.2, 2),
(32, 4, 3, 3, 2.8, 0.2, 2),
(33, 5, 3, 3, 2.8, 0.2, 2),
(34, 6, 4, 3, 2.8, 0.2, 2),
(35, 7, 4, 3, 2.8, 0.2, 2),
(36, 8, 5, 3, 2.8, 0.2, 2),
(37, 9, 5, 3, 2.8, 0.2, 2),
(38, 10, 6, 3, 2.8, 0.2, 2),
(39, 11, 6, 3, 2.8, 0.2, 2),
(40, 12, 7, 3, 2.8, 0.2, 2),
(41, 13, 7, 3, 2.8, 0.2, 2),
(42, 14, 8, 3, 2.8, 0.2, 2),
(43, 15, 8, 3, 2.8, 0.2, 2),
(44, 16, 9, 3, 2.8, 0.2, 2),
(45, 17, 9, 3, 2.8, 0.2, 2),
(46, 18, 10, 3, 2.8, 0.2, 2),
(47, 19, 10, 3, 2.8, 0.2, 2),
(48, 20, 11, 3, 2.8, 0.2, 2),
(49, 21, 11, 3, 2.8, 0.2, 2),
(50, 22, 12, 3, 2.8, 0.2, 2),
(51, 23, 12, 3, 2.8, 0.2, 2),
(52, 24, 13, 3, 2.8, 0.2, 2),
(53, 25, 13, 3.45, 3.25, 0.2, 2),
(54, 26, 14, 3, 2.8, 0.2, 2);

-- заполнение таблицы Колонны
INSERT INTO Колонны (IDколонны, Наименование, ДлинаВСечении, ШиринаВСечении, ЛистПроекта, IDПроекта)
VALUES 
(1, 'К1-1низ', 1.2, 0.3, 10, 3),
(2, 'К1-1верх', 1.2, 0.3, 10, 3),
(3, 'К1-2низ', 1.2, 0.3, 11, 3),
(4, 'К1-2верх', 1.2, 0.3, 11, 3),
(5, 'К1-3низ', 1.2, 0.3, 12, 3),
(6, 'К1-3верх', 1.2, 0.3, 12, 3),
(7, 'К1-4низ', 1.2, 0.3, 13, 3),
(8, 'К1-4верх', 1.2, 0.3, 13, 3),
(9, 'К2-1низ', 1.2, 0.3, 4, 6),
(10, 'К2-1верх', 1.2, 0.3, 4, 6),
(11, 'К2-2низ', 1.2, 0.3, 5, 6),
(12, 'К2-2верх', 1.2, 0.3, 5, 6),
(13, 'К2-3низ', 1.2, 0.3, 6, 6),
(14, 'К2-3верх', 1.2, 0.3, 6, 6),
(15, 'К2-4низ', 1.2, 0.3, 7, 6),
(16, 'К2-4верх', 1.2, 0.3, 7, 6),
(17, 'К3-1низ', 1.2, 0.3, 10, 6),
(18, 'К3-1верх', 1.2, 0.3, 10, 6),
(19, 'К3-2низ', 1.2, 0.3, 11, 6),
(20, 'К3-2верх', 1.2, 0.3, 11, 6),
(21, 'К3-3низ', 1.2, 0.3, 12, 6),
(22, 'К3-3верх', 1.2, 0.3, 12, 6),
(23, 'К3-4низ', 1.2, 0.3, 13, 6),
(24, 'К3-4верх', 1.2, 0.3, 13, 6),
(25, 'К4-1низ', 1.2, 0.3, 16, 6),
(26, 'К4-1верх', 1.2, 0.3, 16, 6),
(27, 'К4-2низ', 1.2, 0.3, 17, 6),
(28, 'К4-2верх', 1.2, 0.3, 17, 6),
(29, 'К4-3низ', 1.2, 0.3, 18, 6),
(30, 'К4-3верх', 1.2, 0.3, 18, 6),
(31, 'К5-1низ', 1.2, 0.3, 21, 6),
(32, 'К5-1верх', 1.2, 0.3, 21, 6),
(33, 'К5-2низ', 1.2, 0.3, 22, 6),
(34, 'К5-2верх', 1.2, 0.3, 22, 6),
(35, 'К5-3низ', 1.2, 0.3, 23, 6),
(36, 'К5-3верх', 1.2, 0.3, 23, 6),
(37, 'К6-1низ', 1.2, 0.3, 26, 6),
(38, 'К6-1верх', 1.2, 0.3, 26, 6),
(39, 'К6-2низ', 1.2, 0.3, 27, 6),
(40, 'К6-2верх', 1.2, 0.3, 27, 6),
(41, 'К7-1низ', 1.2, 0.3, 30, 6),
(42, 'К7-1верх', 1.2, 0.3, 30, 6),
(43, 'К7-2низ', 1.2, 0.3, 31, 6),
(44, 'К7-2верх', 1.2, 0.3, 31, 6),
(45, 'К8-1низ', 0.9, 0.3, 34, 6),
(46, 'К8-1верх', 0.9, 0.3, 34, 6),
(47, 'К8-2низ', 0.9, 0.3, 35, 6),
(48, 'К8-2верх', 0.9, 0.3, 35, 6),
(49, 'К9-1низ', 0.9, 0.3, 38, 6),
(50, 'К9-1верх', 0.9, 0.3, 38, 6),
(51, 'К10-1низ', 0.9, 0.3, 41, 6),
(52, 'К10-1верх', 0.9, 0.3, 41, 6),
(53, 'К11-1низ', 0.9, 0.3, 44, 6),
(54, 'К11-1верх', 0.9, 0.3, 44, 6),
(55, 'К12-1низ', 0.9, 0.3, 47, 6),
(56, 'К12-1верх', 0.9, 0.3, 47, 6);

-- заполнение таблицы КолоннЭтСек
INSERT INTO КолоннЭтСек (ID, IDколонны, IDЭтажаСек, КоличКолоннНаЭтаже)
VALUES 
(1, 1, 1, 6),
(2, 2, 2, 6),
(3, 3, 1, 4),
(4, 4, 2, 4),
(5, 5, 1, 4),
(6, 6, 2, 4),
(7, 9, 3, 4),
(8, 10, 4, 4),
(9, 11, 3, 2),
(10, 12, 4, 2),
(11, 13, 3, 4),
(12, 14, 4, 4),
(13, 15, 3, 4),
(14, 16, 4, 4),
(15, 17, 5, 4),
(16, 18, 6, 4),
(17, 19, 5, 2),
(18, 20, 6, 2),
(19, 21, 5, 6),
(20, 22, 6, 6),
(21, 23, 5, 2),
(22, 24, 6, 2),
(23, 25, 7, 4),
(24, 26, 8, 4),
(25, 27, 7, 2),
(26, 28, 8, 2),
(27, 29, 7, 8),
(28, 30, 8, 8),
(29, 31, 9, 4),
(30, 32, 10, 4),
(31, 35, 9, 10),
(32, 36, 10, 10),
(33, 37, 11, 4),
(34, 38, 12, 4),
(35, 39, 11, 10),
(36, 40, 12, 10),
(37, 41, 13, 4),
(38, 42, 14, 4),
(39, 43, 13, 10),
(40, 44, 14, 10),
(41, 45, 15, 2),
(42, 46, 16, 2),
(43, 47, 15, 12),
(44, 48, 16, 12),
(45, 49, 17, 14),
(46, 50, 18, 14),
(47, 51, 19, 14),
(48, 52, 20, 14),
(49, 53, 21, 14),
(50, 54, 22, 14),
(51, 53, 23, 14),
(52, 54, 24, 14),
(53, 55, 25, 14),
(54, 56, 26, 14);
(55, 3, 28, 13),
(56, 4, 29, 13),
(57, 5, 28, 4),
(58, 6, 29, 4),
(59, 7, 28, 5),
(60, 8, 29, 5),
(61, 11, 30, 5),
(62, 12, 31, 5),
(63, 13, 30, 4),
(64, 14, 31, 4),
(65, 15, 30, 13),
(66, 16, 31, 13),
(67, 19, 32, 5),
(68, 20, 33, 5),
(69, 21, 32, 17),
(70, 22, 33, 17),
(71, 27, 34, 5),
(72, 28, 35, 5),
(73, 29, 34, 17),
(74, 30, 35, 17),
(75, 33, 36, 5),
(76, 34, 37, 5),
(77, 35, 36, 17),
(78, 36, 37, 17),
(79, 39, 38, 22),
(80, 40, 39, 22),
(81, 43, 40, 22),
(82, 44, 41, 22),
(83, 47, 42, 22),
(84, 48, 43, 22),
(85, 49, 44, 22),
(86, 50, 45, 22),
(87, 51, 46, 22),
(88, 52, 47, 22),
(89, 53, 48, 22),
(90, 54, 49, 22),
(91, 53, 50, 22),
(92, 54, 51, 22),
(93, 55, 52, 22),
(94, 56, 53, 22);

-- заполнение таблицы КолоннБет
INSERT INTO КолоннБет (ID, IDколонны, IDБетона)
VALUES 
(1, 1, 12),
(2, 2, 12),
(3, 3, 12),
(4, 4, 12),
(5, 5, 12),
(6, 6, 12),
(7, 7, 12),
(8, 8, 12),
(9, 9, 12),
(10, 10, 12),
(11, 11, 12),
(12, 12, 12),
(13, 13, 12),
(14, 14, 12),
(15, 15, 12),
(16, 16, 12),
(17, 17, 11),
(18, 18, 11),
(19, 19, 11),
(20, 20, 11),
(21, 21, 11),
(22, 22, 11),
(23, 23, 11),
(24, 24, 11),
(25, 25, 11),
(26, 26, 11),
(27, 27, 11),
(28, 28, 11),
(29, 29, 11),
(30, 30, 11),
(31, 31, 11),
(32, 32, 11),
(33, 33, 11),
(34, 34, 11),
(35, 35, 11),
(36, 36, 11),
(37, 37, 11),
(38, 38, 11),
(39, 39, 11),
(40, 40, 11),
(41, 41, 11),
(42, 42, 11),
(43, 43, 11),
(44, 44, 11),
(45, 45, 11),
(46, 46, 11),
(47, 47, 11),
(48, 48, 11),
(49, 49, 9),
(50, 50, 9),
(51, 51, 9),
(52, 52, 9),
(53, 53, 9),
(54, 54, 9),
(55, 55, 9),
(56, 56, 9);

-- заполненте таблицы Стены
INSERT INTO Стены (IDСтены, Наименование, Объем, ЛистПроекта, IDПроекта)
VALUES 
(1, 'ДЖ1 эт 0', 30.60, 9, 4),
(2, 'ДЖ2 эт 0', 2.80, 10, 4),
(3, 'ДЖ3 эт 0', 4.70, 10, 4),
(4, 'ДЖ4 эт 0', 1.80, 11, 4),
(5, 'ДЖ5 эт 0', 30.60, 13, 4),
(6, 'ДЖ6 эт 0', 2.10, 11, 4),
(7, 'Стены сек4  эт 0', 32.10, 14-17, 4),
(8, 'Стены сек5  эт 0', 35.40, 18-21, 4),
(9, 'ДЖ1 эт 1', 36.84, 9-19, 7),
(10, 'ДЖ2 эт 1', 3.53, 4, 7),
(11, 'ДЖ3 эт 1', 6.85, 5, 7),
(12, 'ДЖ4 эт 1', 2.28, 6, 7),
(13, 'ДЖ4.1 эт 1', 2.28, 7, 7),
(14, 'ДЖ5 эт 1', 36.84, 21-31, 7),
(15, 'ДЖ6 эт 1', 2.67, 8, 7),
(16, 'ДЖ1 эт 2 - 13', 32.85, 9-19, 7),
(17, 'ДЖ2 эт 2 - 13', 3.15, 4, 7),
(18, 'ДЖ3 эт 2 - 13', 6.11, 5, 7),
(19, 'ДЖ4 эт 2 - 13', 2.03, 6, 7),
(20, 'ДЖ4.1 эт 2 - 13', 2.03, 7, 7),
(21, 'ДЖ5 эт 2 -13', 32.85, 21-31, 7),
(22, 'ДЖ6 эт 2 - 13', 2.38, 8, 7),
(23, 'ДЖ1 эт 14 - 24', 33.06, 9-19, 7),
(24, 'ДЖ2 эт 14 - 24', 3.15, 4, 7),
(25, 'ДЖ3 эт 14 - 24', 6.11, 5, 7),
(26, 'ДЖ4 эт 14 - 24', 2.03, 6, 7),
(27, 'ДЖ4.1 эт 14 - 24', 2.03, 7, 7),
(28, 'ДЖ5 эт 14 - 24', 33.06, 21-31, 7),
(29, 'ДЖ6 эт 14 - 24', 2.38, 8, 7),
(30, 'ДЖ1 эт 25', 38.37, 9-19, 7),
(31, 'ДЖ2 эт 25', 3.66, 4, 7),
(32, 'ДЖ3 эт 25', 7.09, 5, 7),
(33, 'ДЖ4 эт 25', 2.36, 6, 7),
(34, 'ДЖ4.1 эт 25', 2.36, 7, 7),
(35, 'ДЖ5 эт 25', 38.37, 21-31, 7),
(36, 'ДЖ6 эт 25', 2.76, 8, 7),
(37, 'ДЖ1 эт 26', 33.06, 9-19, 7),
(38, 'ДЖ5 эт 26', 33.06, 21-31, 7),
(39, 'СТ1 эт 26', 4.10, 20, 7),
(40, 'СТ2 эт 26', 4.10, 32, 7);

-- заполнение таблицы СтеныЭтСек
INSERT INTO СтеныЭтСек (ID, IDСтены, IDЭтажаСек, КоличСтенНаЭтаже)
VALUES 
(1, 1, 1, 1),
(2, 2, 1, 2),
(3, 3, 1, 1),
(4, 4, 1, 2),
(5, 7, 1, 1),
(6, 9, 2, 1),
(7, 10, 2, 2),
(8, 11, 2, 1),
(9, 12, 2, 2),
(10, 16, 3, 1),
(11, 17, 3, 2),
(12, 18, 3, 1),
(13, 19, 3, 2),
(14, 16, 4, 1),
(15, 17, 4, 2),
(16, 18, 4, 1),
(17, 19, 4, 2),
(18, 16, 5, 1),
(19, 17, 5, 2),
(20, 18, 5, 1),
(21, 19, 5, 2),
(22, 16, 6, 1),
(23, 17, 6, 2),
(24, 18, 6, 1),
(25, 19, 6, 2),
(26, 16, 7, 1),
(27, 17, 7, 2),
(28, 18, 7, 1),
(29, 19, 7, 2),
(30, 16, 8, 1),
(31, 17, 8, 2),
(32, 18, 8, 1),
(33, 19, 8, 2),
(34, 16, 9, 1),
(35, 17, 9, 2),
(36, 18, 9, 1),
(37, 19, 9, 2),
(38, 16, 10, 1),
(39, 17, 10, 2),
(40, 18, 10, 1),
(41, 19, 10, 2),
(42, 16, 11, 1),
(43, 17, 11, 2),
(44, 18, 11, 1),
(45, 19, 11, 2),
(46, 16, 12, 1),
(47, 17, 12, 2),
(48, 18, 12, 1),
(49, 19, 12, 2),
(50, 16, 13, 1),
(51, 17, 13, 2),
(52, 18, 13, 1),
(53, 19, 13, 2),
(54, 16, 14, 1),
(55, 17, 14, 2),
(56, 18, 14, 1),
(57, 19, 14, 2),
(58, 23, 15, 1),
(59, 24, 15, 2),
(60, 25, 15, 1),
(61, 26, 15, 2),
(62, 23, 16, 1),
(63, 24, 16, 2),
(64, 25, 16, 1),
(65, 26, 16, 2),
(66, 23, 17, 1),
(67, 24, 17, 2),
(68, 25, 17, 1),
(69, 26, 17, 2),
(70, 23, 18, 1),
(71, 24, 18, 2),
(72, 25, 18, 1),
(73, 26, 18, 2),
(74, 23, 19, 1),
(75, 24, 19, 2),
(76, 25, 19, 1),
(77, 26, 19, 2),
(78, 23, 20, 1),
(79, 24, 20, 2),
(80, 25, 20, 1),
(81, 26, 20, 2),
(82, 23, 21, 1),
(83, 24, 21, 2),
(84, 25, 21, 1),
(85, 26, 21, 2),
(86, 23, 22, 1),
(87, 24, 22, 2),
(88, 25, 22, 1),
(89, 26, 22, 2),
(90, 23, 23, 1),
(91, 24, 23, 2),
(92, 25, 23, 1),
(93, 26, 23, 2),
(94, 23, 24, 1),
(95, 24, 24, 2),
(96, 25, 24, 1),
(97, 26, 24, 2),
(98, 23, 25, 1),
(99, 24, 25, 2),
(100, 25, 25, 1),
(101, 26, 25, 2),
(102, 30, 26, 1),
(103, 31, 26, 2),
(104, 32, 26, 1),
(105, 33, 26, 2),
(106, 37, 27, 1),
(107, 39, 27, 1),
(108, 2, 28, 1),
(109, 3, 28, 1),
(110, 4, 28, 2),
(111, 5, 28, 1),
(112, 6, 28, 1),
(113, 8, 28, 1),
(114, 10, 29, 1),
(115, 11, 29, 1),
(116, 13, 29, 2),
(117, 14, 29, 1),
(118, 15, 29, 1),
(119, 17, 30, 1),
(120, 18, 30, 1),
(121, 20, 30, 2),
(122, 21, 30, 1),
(123, 22, 30, 1),
(124, 17, 31, 1),
(125, 18, 31, 1),
(126, 20, 31, 2),
(127, 21, 31, 1),
(128, 22, 31, 1),
(129, 17, 32, 1),
(130, 18, 32, 1),
(131, 20, 32, 2),
(132, 21, 32, 1),
(133, 22, 32, 1),
(134, 17, 33, 1),
(135, 18, 33, 1),
(136, 20, 33, 2),
(137, 21, 33, 1),
(138, 22, 33, 1),
(139, 17, 34, 1),
(140, 18, 34, 1),
(141, 20, 34, 2),
(142, 21, 34, 1),
(143, 22, 34, 1),
(144, 17, 35, 1),
(145, 18, 35, 1),
(146, 20, 35, 2),
(147, 21, 35, 1),
(148, 22, 35, 1),
(149, 17, 36, 1),
(150, 18, 36, 1),
(151, 20, 36, 2),
(152, 21, 36, 1),
(153, 22, 36, 1),
(154, 17, 37, 1),
(155, 18, 37, 1),
(156, 20, 37, 2),
(157, 21, 37, 1),
(158, 22, 37, 1),
(159, 17, 38, 1),
(160, 18, 38, 1),
(161, 20, 38, 2),
(162, 21, 38, 1),
(163, 22, 38, 1),
(164, 17, 39, 1),
(165, 18, 39, 1),
(166, 20, 39, 2),
(167, 21, 39, 1),
(168, 22, 39, 1),
(169, 17, 40, 1),
(170, 18, 40, 1),
(171, 20, 40, 2),
(172, 21, 40, 1),
(173, 22, 40, 1),
(174, 17, 41, 1),
(175, 18, 41, 1),
(176, 20, 41, 2),
(177, 21, 41, 1),
(178, 22, 41, 1),
(179, 24, 42, 1),
(180, 25, 42, 1),
(181, 27, 42, 2),
(182, 28, 42, 1),
(183, 29, 42, 1),
(184, 24, 43, 1),
(185, 25, 43, 1),
(186, 27, 43, 2),
(187, 28, 43, 1),
(188, 29, 43, 1),
(189, 24, 44, 1),
(190, 25, 44, 1),
(191, 27, 44, 2),
(192, 28, 44, 1),
(193, 29, 44, 1),
(194, 24, 45, 1),
(195, 25, 45, 1),
(196, 27, 45, 2),
(197, 28, 45, 1),
(198, 29, 45, 1),
(199, 24, 46, 1),
(200, 25, 46, 1),
(201, 27, 46, 2),
(202, 28, 46, 1),
(203, 29, 46, 1),
(204, 24, 47, 1),
(205, 25, 47, 1),
(206, 27, 47, 2),
(207, 28, 47, 1),
(208, 29, 47, 1),
(209, 24, 48, 1),
(210, 25, 48, 1),
(211, 27, 48, 2),
(212, 28, 48, 1),
(213, 29, 48, 1),
(214, 24, 49, 1),
(215, 25, 49, 1),
(216, 27, 49, 2),
(217, 28, 49, 1),
(218, 29, 49, 1),
(219, 24, 50, 1),
(220, 25, 50, 1),
(221, 27, 50, 2),
(222, 28, 50, 1),
(223, 29, 50, 1),
(224, 24, 51, 1),
(225, 25, 51, 1),
(226, 27, 51, 2),
(227, 28, 51, 1),
(228, 29, 51, 1),
(229, 24, 52, 1),
(230, 25, 52, 1),
(231, 27, 52, 2),
(232, 28, 52, 1),
(233, 29, 52, 1),
(234, 31, 53, 1),
(235, 32, 53, 1),
(236, 34, 53, 2),
(237, 35, 53, 1),
(238, 36, 53, 1),
(239, 38, 54, 1),
(240, 40, 54, 1);

-- заполнение таблицы СтеныБет
INSERT INTO СтеныБет (ID, IDСтены, IDБетона)
VALUES
(1, 1, 12),
(2, 2, 12),
(3, 3, 12),
(4, 4, 12),
(5, 5, 12),
(6, 6, 12),
(7, 7, 12),
(8, 8, 12),
(9, 9, 11),
(10, 10, 11),
(11, 11, 11),
(12, 12, 11),
(13, 13, 11),
(14, 14, 11),
(15, 15, 11),
(16, 16, 11),
(17, 17, 11),
(18, 18, 11),
(19, 19, 11),
(20, 20, 11),
(21, 21, 11),
(22, 22, 11),
(23, 23, 9),
(24, 24, 9),
(25, 25, 9),
(26, 26, 9),
(27, 27, 9),
(28, 28, 9),
(29, 29, 9),
(30, 30, 9),
(31, 31, 9),
(32, 32, 9),
(33, 33, 9),
(34, 34, 9),
(35, 35, 9),
(36, 36, 9),
(37, 37, 9),
(38, 38, 9),
(39, 39, 9),
(40, 40, 9);

-- заполнение таблицы Перекрытия
INSERT INTO Перекрытия (IDПерекрытия, Наименование, Объем, Толщина, ЛистПроекта, IDПроекта)
VALUES
(1, 'Пм4.2', 89.26, 0.2, 2, 8),
(2, 'Пм5.2', 91.39, 0.2, 8, 8),
(3, 'Пм4.3', 88.66, 0.2, 14, 8),
(4, 'Пм5.3', 90.5, 0.2, 20, 8),
(5, 'Пм4.4', 88.37, 0.2, 26, 8),
(6, 'Пм5.4', 90.57, 0.2, 32, 8),
(7, 'Пм4.5', 89.4, 0.2, 38, 8),
(8, 'Пм5.5', 90.57, 0.2, 44, 8),
(9, 'Пм4.6', 88.21, 0.2, 50, 8),
(10, 'Пм5.6', 91.39, 0.2, 56, 8),
(11, 'Пм4.7', 88.21, 0.2, 62, 8),
(12, 'Пм5.7', 91.39, 0.2, 68, 8),
(13, 'Пм4.8', 88.94, 0.2, 74, 8),
(14, 'Пм5.8', 91.21, 0.2, 80, 8);
(15, 'Пм4.1', 90.2, 0.2, 2, 5),
(16, 'Пм5.1', 94, 0.2, 8, 5);

-- заполнение таблицы ПерекрЭтСек
INSERT INTO ПерекрЭтСек (ID, IDПерекрытия, IDЭтажаСек, КоличПерекрНаЭтаже)
VALUES
(1, 1, 2, 1),
(2, 3, 3, 1),
(3, 5, 4, 1),
(4, 5, 5, 1),
(5, 5, 6, 1),
(6, 5, 7, 1),
(7, 5, 8, 1),
(8, 5, 9, 1),
(9, 5, 10, 1),
(10, 5, 11, 1),
(11, 5, 12, 1),
(12, 5, 13, 1),
(13, 7, 14, 1),
(14, 9, 15, 1),
(15, 9, 16, 1),
(16, 9, 17, 1),
(17, 9, 18, 1),
(18, 9, 19, 1),
(19, 9, 20, 1),
(20, 9, 21, 1),
(21, 9, 22, 1),
(22, 9, 23, 1),
(23, 9, 24, 1),
(24, 11, 25, 1),
(25, 13, 26, 1),
(26, 15, 1, 1),
(27, 2, 29, 1),
(28, 4, 30, 1),
(29, 6, 31, 1),
(30, 6, 32, 1),
(31, 6, 33, 1),
(32, 6, 34, 1),
(33, 6, 35, 1),
(34, 6, 36, 1),
(35, 6, 37, 1),
(36, 6, 38, 1),
(37, 6, 39, 1),
(38, 6, 40, 1),
(39, 8, 41, 1),
(40, 10, 42, 1),
(41, 10, 43, 1),
(42, 10, 44, 1),
(43, 10, 45, 1),
(44, 10, 46, 1),
(45, 10, 47, 1),
(46, 10, 48, 1),
(47, 10, 49, 1),
(48, 10, 50, 1),
(49, 10, 51, 1),
(50, 12, 52, 1),
(51, 14, 53, 1),
(52, 16, 28, 1);

-- заполнение таблицы ПерекрБет
INSERT INTO ПерекрБет (ID, IDПерекрытия, IDБетона)
VALUES
(1, 1, 9),
(2, 2, 9),
(3, 3, 9),
(4, 4, 9),
(5, 5, 9),
(6, 6, 9),
(7, 7, 9),
(8, 8, 9),
(9, 9, 9),
(10, 10, 9),
(11, 11, 9),
(12, 12, 9),
(13, 13, 9),
(14, 14, 9)
(15, 15, 11)
(16, 16, 11);

-- заполнение таблицы Переходные
INSERT INTO Переходные (IDПереходной, Наименование, Объем, Толщина, ЛистПроекта, IDПроекта)
VALUES
(1, 'Плм1', 0.79, 0.2, 35, 7),
(2, 'Плм2', 1.01, 0.2, 35, 7),
(3, 'Плм3', 0.78, 0.2, 35, 7),
(4, 'Плм4', 15.05, 0.2, 36, 7),
(5, 'Плм5', 0.79, 0.2, 37, 7),
(6, 'Плм6', 1.01, 0.2, 37, 7),
(7, 'Плм7', 0.78, 0.2, 37, 7),
(8, 'Плм8', 15.05, 0.2, 38, 7);

--заполнение таблицы ПерехЭтСек
INSERT INTO ПерехЭтСек (ID, IDПереходной, IDЭтажаСек, КоличПерехНаЭтаже)
VALUES
(1, 1, 2, 1),
(2, 2, 3, 1),
(3, 2, 4, 1),
(4, 2, 5, 1),
(5, 2, 6, 1),
(6, 2, 7, 1),
(7, 2, 8, 1),
(8, 2, 9, 1),
(9, 2, 10, 1),
(10, 2, 11, 1),
(11, 2, 12, 1),
(12, 2, 13, 1),
(13, 2, 14, 1),
(14, 2, 15, 1),
(15, 2, 16, 1),
(16, 2, 17, 1),
(17, 2, 18, 1),
(18, 2, 19, 1),
(19, 2, 20, 1),
(20, 2, 21, 1),
(21, 2, 22, 1),
(22, 2, 23, 1),
(23, 2, 24, 1),
(24, 2, 25, 1),
(25, 3, 26, 1),
(26, 4, 27, 1),
(27, 5, 29, 1),
(28, 6, 30, 1),
(29, 6, 31, 1),
(30, 6, 32, 1),
(31, 6, 33, 1),
(32, 6, 34, 1),
(33, 6, 35, 1),
(34, 6, 36, 1),
(35, 6, 37, 1),
(36, 6, 38, 1),
(37, 6, 39, 1),
(38, 6, 40, 1),
(39, 6, 41, 1),
(40, 6, 42, 1),
(41, 6, 43, 1),
(42, 6, 44, 1),
(43, 6, 45, 1),
(44, 6, 46, 1),
(45, 6, 47, 1),
(46, 6, 48, 1),
(47, 6, 49, 1),
(48, 6, 50, 1),
(49, 6, 51, 1),
(50, 6, 52, 1),
(51, 7, 53, 1),
(52, 8, 54, 1);


-- заполнение таблицы ПерехБет
INSERT INTO ПерехБет (ID, IDПереходной, IDБетона)
VALUES
(1, 1, 9),
(2, 2, 9),
(3, 3, 9),
(4, 4, 9),
(5, 5, 9),
(6, 6, 9),
(7, 7, 9),
(8, 8, 9);

-- запрос на вывод списка всех таблиц в базе данных
SELECT TABLE_NAME 
FROM INFORMATION_SCHEMA.TABLES
WHERE TABLE_TYPE = 'BASE TABLE' AND TABLE_CATALOG='CourseProjectADONet';

